13694
13696
13697
13698
13699
13700
13701
13702
13703
13704
13705
13706
13707
13708
13709
13710
13711
13712
13713
13715
13714
13716
13717
13718
13719
13720
13721
13722
13723
13724
13725
13726
13727
13728
13729
13730
13731
13732
13733
13734
13735
13736
13737
13738
13739
13740
13741
13742
13743
13745
13746
13747
13749
13750
13751
13752
13753
13755
13756
13757
13758
13760
13761
13762
13763
13764
13765
13767
13768
13769
13770
13771
13772
13773
13774
13775
13776
13777
13778
13779
13780
13781
13783
13784
13782
13787
13785
13791
13792
13793
13794
13795
13796
13797
13798
13799
13800
13801
13802
13803
13804
13805
13806
13807
13808
13809
13810
13811
13812
13813
13814
13815
13816
13817
13818
13819
13820
13821
13822
13823
13824
13825
13826
13827
13829
13830
13831
13832
13834
13833
13835
13837
13838
13840
13841
13842
13843
13844
13845
13846
13847
13848
13849
13850