12447
12448
12449
12450
12451
12452
12453
12454
12456
12457
12458
12459
12460
12461
12462
12463
12464
12465
12466
12467
12468
12469
12470
12471
12472
12473
12475
12476
12477
12478
12479
12480
12481
12482
12483
12484
12485
12486
12487
12488
12489
12491
12492
12493
12494
12499
12500
12501
12503
12504
12505
12506
12507
12508
12509
12510
12511
12512
12513
12514
12516
12518
12519
12523
12525
12526
12527
12528
12529
12530
12531
12532
12533
12534
12535
12536
12537
12538
12539
12541
12542
12543
12544
12545
12546
12547
12548
12549
12550
12551
12552
12553
12554