12836
12837
12838
12839
12842
12844
12845
12846
12847
12848
12850
12853
12854
12855
12856
12857
12858
12859
12860
12861
12862
12864
12865
12866
12867
12868
12869
12870
12872
12873
12874
12875
12876
12877
12878
12879
12881
12882
12883
12884
12885
12886
12887
12888
12889
12890
12891
12892
12893
12894
12896
12897
12898
12899
12900
12901
12902
12903
12904
12905
12906
12907
12908
12909
12910
12911
12912
12913
12914
12915
12916
12917
12918
12919
12920
12924
12925
12926
12927
12931
12932
12933
12934
12935
12936
12937
12938
12939
12940
12941
12942
12943
12944
12945
12946
12947
12948
12949
12950
12951
12954
12955
12956
12957
12958
12959
12960
12962
12963
12964
12965
12966
