12591
12592
12593
12594
12595
12596
12597
12599
12600
12601
12602
12603
12604
12605
12610
12611
12612
12613
12614
12615
12616
12617
12618
12619
12620
12621
12622
12623
12624
12625
12626
12627
12628
12629
12634
12635
12637
12638
12639
12640
12641
12642
12643
12644
12645
12646
12647
12648
12649
12650
12651
12652
12653
12654
12658
12659
12661
12662
12663
12664
12665
12666
12667
12668
12669
12670
12671
12672
12674
12676
12677
12678
12679
12680
12681
12682
12683
12684
12688
12691
12692
12693
12694
12695
12696
12697
12698
12699
12700
12701
12702
12703
12704
12705
12706
12707
12708
12709
12710
12711
12712
12713
<<<<<<< HEAD
12674
=======
>>>>>>> 12decabc75188f10133827c67deadf55e4434cde
12714
12715
12716
12717
12718
12719
12720
12723
12724
12725
12726
12727
12728
12729
12730
12731
12732
12733
12734
12735
12736
12737
12738
12739
12740
12742
12741
12743
12744
12746
12747
12748
12749
12750
12752
12753
12754
12755
12756
12757
12758
12760
12762
12763
12764
12765
12766
12767
12773
12774
12775
12776
12777
12778
12779
12780
12781
12784
12789
12791
12792
12793
12794
12795
12796
12797
12798
12799
12800
12801
12802
12803
12804
12805
12806
12807
12808
12809
12810
12811
12812
12813
12814
12817
12818
12819
12820
12821
12823
12822
12824
12825
12826
12827
12828
12829
12830
12831
12832
12833
12834
12835
12836
12837
12838
12839