12591
12592
12593
12594
12595
12596
12597
12599
12600
12601
12602
12603
12604
12605
12610
12611
12612
12613
12614
12615
12616
12617
12618
12619
12620
12621
12622
12623
12624
12625
12626
12627
12628
12629
12634
12635
12637
12638
12639
12640
12641
12642
12643
12644
12645
12646
12647
12648
12649
12650
12651
12652
12653
12654
12658
12659
12661
12662
12663
12664
12665
12666
12667
12668
12669
12670
12671
12672
12674
12676
12677
12678
12679
12680
12681
12682
12683
12684
12688
12691
12692
12693
12694
12695
12696
12697
12698
12699
12700
12701
12702
12703
12704
12705
12706
12707
12708
12709
12710
12711
12712
12713
12674
12714
12715
12716
12717
12718
12719
12720
12723
12724
12725
12726
12727
12728
12729
12730
12731
12732
12733
12734
12735
12736
12737
12738
12739