12591
12592
12593
12594
12595
12596
12597
12599
12600
12601
12602
12603
12604
12605
12610
12611
12612
12613
12614
12615
12616
12617
12618
12619
12620
12621
12622
12623
12624
12625
12626
12627
12628
12629
12634
12635
12637
12638
12639
12640
12641
12642
12643
12644
12645
12646
12647
12648
12649
12650
12651
12652
12653
12654
12658
12659
12661
12662
12663
12664
12665
12666
12667
12668
12669
12670
12671
12672
12674
12676
12677
12678
12679
12680
12681
12682
12683
12684
12688
12691
12692
12693
12694
12695
12696
12697
12698
12699
12700
12701
12702
12703
12704
12705
12706
12707
12708
12709
12710
12711
12712
12713
12714
12715
12716
12717
12718
12719
12720
12723
12724
12725
12726
12727
12728
12729
12730
12731
12732
12733
12734
12735
12736
12737
12738
12739
12740
12742
12741
12743
12744
12746
12747
12748
12749
12750
12752
12753
12754
12755
12756
12757
12758
12760
12762
12763
12764
12765
12766
12767
12773
12774
12775
12776
12777
12778
12779
12780
12781
12784
12789
12791
12792
12793
12794
12795
12796
12797
12798
12799
12800
12801
12802
12803
12804
12805
12806
12807
12808
12809
12810
12811
12812
12813
12814
12817
12818
12819
12820
12821
12823
12822
12824
12825
12826
12827
12828
12829
12830
12831
12832
12833
12834
12835
12836
12837
12838
12839
12842
12844
12845
12846
12847
12848
12850
12853
12854
12855
12856
12857
12858
12859
12860
12861
12862
12864
12865
12866
12867
12868
12869
12870
12872
12873
12874
12875
12876
12877
12878
12879
12881
12882
12883
12884
12885
12886
12887
12888
12889
12890
12891
12892
12893
12894
12896
12897
12898
12899
12900
12901
12902
12903
12904
12905
12906
12907
12908
12909
12910
12911
12912
12913
12914
12915
12916
12917
12918
12919
12920
12924
12925
12926
12927
12931
12932
12933
12934
12935
12936
12937
12938
12939
12940
12941
12942
12943
12944
12945
12946
12947
12948
12949
12950
12951
12954
12955
12956
12957
12958
12959
12960
12962
12963
12964
12965
12966
12967
12968
12969
12970
12971
12972
12973
12976
12977
12978
12979
12980
12981
12982
12983
12984
12986
12988
12989
12990
12991
12992
12993
12994
12996
12997
12998
12999
13000
13001
13002
13003
13004
13005
13006
13007
13008
13009
13010
13011
13012
13013
13014
13015
13017
13018
13019
13020
13021
13022
13023
13024
13026
13027
13028
13029
13030
13031
13032
13033
13034
13035
13036
13037
