15337
15339
15340
15341
15342
15343
15345
15346
15347
15348
15349
15350
15351
15352
15353
15354
15355
15356
15357
15358
15359
15360
15361
15362
15363
15364
15365
15366
15367
15368
15369
15370
15371
15372
15375
15376
15384
15385
15386
15387
15388
15389
15390
15391
15392
15393
15394
15395
15396
15397
15399
15400
15401
15402
15403
15404
15405
15406
15407
15408
15410
15411
15412
15413
15414
15415
15416
15417
15426
15427
15428
15429
15430
15431
15432
15434
15435
15436
15437
15438
15439
15440
15441
15442
15444
15445
15446
15447
15448
15449
15450
15451
15452
15453