15623
15624
15625
15626
15627
15628
15629
15630
15631
15632
15633
15634
15635
15636
15637
15638
15639
15641
15642
15643
15644
15645
15646
15647
15648
15649
15650
15651
15652
15653
15654
15655
15656
15657
15659
15660
15661
15663
15664
15665
15666
15667
15668
15669
15670
15671
15672
15673
15674
15675
15676
15677
15678
15679
15680
15681
15682
15684
15685
15686
15687
15688
15689
15690
15691
15692
15693
15695
15696
15697
15701
15702
15703
15704
15705
15706
15707
15714
15715
15716
15717
15718
15727
15729
15730
15731
15732
15734
15735
15736
15737
15738
15739
15740
15741
15742
15743
15744
15745
15747
15749
15750
15751
15756
15757
15765
15766
15767
15768
15769
15770
15771
15772
15773
15775
15776
15777
15778
15779
15780
15781
15782
15783
15784
15785
15786
15787
15788
15789
15790
15791
15793
15804
15805
15806
15807
15808
