13589
13633
13634
13635
13636
13639
13647
13648
13649
13650
13651
13652
13653
13654
13655
13656
13657
13658
13659
13660
13661
13662
13663
13664
13665
13666
13667
13668
13669
13672
13673
13674
13675
13676
13677
13678
13679
13680
13681
13682
13683
13684
13685
13686
13687
13688
13689
13690
13691
13692
13693
14628
14629
14630
14631
14632
14633
14634
14636
14637
14638
14639
14640
14641
14642
14643
14644
14645
14646
14647
14648
14649
14650
14651
14652
14653
14654
14655
14656
14657
14659
14660
14661
14662
14663
14664
14665
14666
14673
14674
14672
14675
14676
14677
14678
14679
14680
14681
14682
14683